55
0 0 0 0 0 0 0 2 2 2 4 10 4 4 7 5 5 5 2 3 3 3 7 6 3 5 10 6 10 4 5 4 4 5 10 5 10 5 4 3 3 3 4 10 4 10 8 5 5 7 8 5 8 8 10
264
0 6
0 3
0 1
0 4
0 2
0 5
1 7
1 2
1 0
1 29
1 6
2 1
2 32
2 29
2 3
2 31
2 0
3 0
3 52
3 2
3 18
3 32
3 4
4 5
4 18
4 0
4 3
4 38
5 41
5 4
5 6
5 38
5 0
5 40
6 49
6 0
6 7
6 5
6 1
6 41
7 10
7 1
7 8
7 6
7 49
8 11
8 9
8 7
8 10
9 12
9 8
9 11
10 13
10 7
10 11
10 49
10 8
10 47
11 14
11 8
11 12
11 10
11 9
11 13
12 15
12 9
12 11
12 14
13 16
13 10
13 14
13 47
13 11
13 50
14 17
14 11
14 15
14 13
14 12
14 16
15 12
15 14
15 17
16 13
16 17
16 50
16 14
17 14
17 16
17 15
18 4
18 21
18 3
18 19
18 52
19 22
19 18
19 20
19 21
20 23
20 19
20 22
21 18
21 24
21 52
21 22
21 48
21 19
22 19
22 25
22 21
22 23
22 24
22 20
23 20
23 26
23 22
23 25
24 21
24 27
24 48
24 25
24 53
24 22
25 22
25 28
25 24
25 26
25 27
25 23
26 23
26 25
26 28
27 24
27 53
27 28
27 25
28 25
28 27
28 26
29 31
29 2
29 30
29 1
30 33
30 31
30 29
31 29
31 34
31 30
31 32
31 33
31 2
32 2
32 35
32 31
32 52
32 34
32 3
33 30
33 36
33 34
33 31
34 31
34 37
34 33
34 35
34 36
34 32
35 32
35 54
35 34
35 48
35 37
35 52
36 33
36 37
36 34
37 34
37 36
37 54
37 35
38 40
38 5
38 4
38 39
39 42
39 40
39 38
40 43
40 38
40 41
40 39
40 5
40 42
41 44
41 5
41 49
41 40
41 6
41 43
42 45
42 39
42 43
42 40
43 46
43 40
43 44
43 42
43 41
43 45
44 51
44 41
44 47
44 43
44 49
44 46
45 42
45 46
45 43
46 43
46 51
46 45
46 44
47 50
47 49
47 13
47 44
47 10
47 51
48 52
48 53
48 35
48 24
48 54
48 21
49 47
49 6
49 10
49 41
49 7
49 44
50 47
50 16
50 51
50 13
51 44
51 50
51 46
51 47
52 3
52 48
52 32
52 21
52 35
52 18
53 48
53 54
53 27
53 24
54 35
54 37
54 53
54 48
5 6 7